================================================================================
                          CONTEXT/KMER RESULTS REPORT                           
================================================================================
Source file: context_kmer_results.csv
Total rows: 145

================================================================================
Summary by (kmer, context_window, epochs)
--------------------------------------------------------------------------------
                            Accuracy                                      F1 Score                                     Matthews Correlation                                     Precision                                        Recall                                         Runtime                                     
                                mean       std       min       max count      mean       std       min       max count                 mean       std       min       max count      mean       std       min       max count      mean       std       min       max count        mean        std       min       max count
kmer context_window epochs                                                                                                                                                                                                                                                                                                  
-1   48             10      0.557010  0.000289  0.556806  0.557214     2  0.257050  0.002640  0.255183  0.258917     2             0.101678  0.000388  0.101404  0.101952     2  0.284690  0.001563  0.283585  0.285795     2  0.643753  0.005459  0.639892  0.647613     2  141.211650  22.505724  125.2977  157.1256     2
     64             10      0.538159  0.022363  0.522346  0.553972     2  0.255246  0.008304  0.249374  0.261117     2             0.097796  0.006004  0.093551  0.102041     2  0.285759  0.002292  0.284139  0.287380     2  0.631855  0.003541  0.629351  0.634359     2  157.789700   0.944978  157.1215  158.4579     2
     128            10      0.542775  0.007373  0.537561  0.547988     2  0.253861  0.004237  0.250865  0.256858     2             0.100872  0.003841  0.098157  0.103588     2  0.284501  0.003171  0.282259  0.286744     2  0.639609  0.003092  0.637423  0.641795     2  153.684000   0.240982  153.5136  153.8544     2
     256            10      0.535720  0.031255  0.513620  0.557820     2  0.249457  0.009671  0.242619  0.256295     2             0.095254  0.004824  0.091843  0.098665     2  0.282641  0.001690  0.281446  0.283836     2  0.635567  0.003941  0.632780  0.638353     2  155.690200   0.641204  155.2368  156.1436     2
     512            10      0.507374  0.007526  0.502052  0.512696     2  0.248251  0.002812  0.246263  0.250240     2             0.091206  0.004916  0.087730  0.094681     2  0.285563  0.003294  0.283234  0.287893     2  0.645694  0.008787  0.639481  0.651907     2  158.654700   0.769898  158.1103  159.1991     2
 3   48             10      0.554397  0.016397  0.542803  0.565991     2  0.262142  0.000222  0.261985  0.262299     2             0.094831  0.003085  0.092650  0.097012     2  0.287397  0.002183  0.285853  0.288941     2  0.633695  0.002500  0.631927  0.635463     2  157.541200   0.728744  157.0259  158.0565     2
                    15      0.531253  0.018769  0.513470  0.551759     4  0.248358  0.005715  0.240186  0.252898     4             0.092900  0.002192  0.089927  0.094855     4  0.282372  0.002084  0.279901  0.284555     4  0.622549  0.010508  0.609999  0.635707     4   99.876675   9.946815   86.2561  110.1412     4
     64             10      0.541878  0.023872  0.524998  0.558757     2  0.255477  0.013437  0.245975  0.264978     2             0.099789  0.005227  0.096093  0.103485     2  0.285572  0.004843  0.282147  0.288997     2  0.648162  0.002719  0.646239  0.650085     2  156.029850   2.636023  154.1659  157.8938     2
                    15      0.509244  0.020396  0.481766  0.526042     4  0.241644  0.001615  0.239401  0.243104     4             0.087873  0.003954  0.083599  0.092871     4  0.281253  0.002040  0.279495  0.283944     4  0.611972  0.006395  0.604111  0.619302     4  106.516225   5.925604   97.7326  110.4061     4
     128            10      0.531811  0.004296  0.528773  0.534848     2  0.258697  0.001969  0.257304  0.260089     2             0.095688  0.001828  0.094396  0.096981     2  0.288545  0.001715  0.287332  0.289757     2  0.642130  0.000850  0.641529  0.642731     2  155.487350   1.105137  154.7059  156.2688     2
                    15      0.507723  0.008708  0.500036  0.518973     4  0.243669  0.004575  0.237684  0.248604     4             0.091299  0.001693  0.088760  0.092175     4  0.282884  0.002029  0.280242  0.284725     4  0.622745  0.008514  0.611901  0.630876     4  109.035675   1.337819  107.2337  110.1737     4
     256            10      0.559369  0.015264  0.548576  0.570162     2  0.270542  0.005125  0.266917  0.274166     2             0.102351  0.004122  0.099436  0.105265     2  0.292404  0.001487  0.291353  0.293456     2  0.651774  0.014766  0.641333  0.662215     2  133.723750  28.737173  113.4035  154.0440     2
                    15      0.530355  0.023552  0.510581  0.559567     4  0.248000  0.006724  0.243068  0.257720     4             0.093916  0.002935  0.090803  0.097167     4  0.282443  0.001215  0.281071  0.283998     4  0.621349  0.010658  0.606969  0.632718     4  106.902650   0.620394  106.1842  107.4971     4
     512            10      0.537185  0.008678  0.531048  0.543321     2  0.255634  0.002835  0.253630  0.257639     2             0.098888  0.001431  0.097876  0.099900     2  0.286243  0.000625  0.285801  0.286685     2  0.634339  0.001311  0.633412  0.635266     2  113.747000   0.460892  113.4211  114.0729     2
                    15      0.535193  0.008466  0.527241  0.547080     4  0.248057  0.006337  0.242323  0.256671     4             0.092272  0.002148  0.089816  0.094829     4  0.281648  0.002710  0.279270  0.285202     4  0.629574  0.008551  0.617377  0.636610     4  108.233525   2.196995  106.3847  111.4189     4
     1024           15      0.530002  0.020605  0.501889  0.551324     4  0.247673  0.004275  0.242753  0.253179     4             0.093976  0.004394  0.089343  0.099473     4  0.282185  0.000988  0.281036  0.283207     4  0.634718  0.010739  0.622702  0.644503     4  108.410625   1.228905  106.5990  109.3355     4
 6   48             10      0.559532  0.014135  0.549537  0.569527     2  0.267148  0.016807  0.255264  0.279032     2             0.101703  0.003320  0.099355  0.104050     2  0.290493  0.008075  0.284783  0.296203     2  0.640885  0.005734  0.636830  0.644940     2  119.403850   7.842875  113.8581  124.9496     2
                    15      0.530580  0.009487  0.517310  0.537844     4  0.247559  0.006083  0.239847  0.254488     4             0.092804  0.002393  0.090091  0.095751     4  0.281999  0.002589  0.279154  0.285412     4  0.624966  0.008190  0.618692  0.636830     4  108.349950   1.482504  107.4880  110.5658     4
     64             10      0.527912  0.059018  0.486180  0.569644     2  0.247932  0.017175  0.235787  0.260076     2             0.095126  0.011855  0.086744  0.103509     2  0.282873  0.002663  0.280990  0.284755     2  0.628727  0.018960  0.615320  0.642134     2  147.353600   9.182064  140.8609  153.8463     2
                    15      0.517811  0.018428  0.495176  0.538861     4  0.242659  0.008048  0.230997  0.249181     4             0.091384  0.002911  0.088309  0.095263     4  0.280868  0.002690  0.277193  0.283623     4  0.618551  0.010577  0.610630  0.633858     4  107.835600   1.371298  106.6204  109.0463     4
     128            10      0.509940       NaN  0.509940  0.509940     1  0.252464       NaN  0.252464  0.252464     1             0.093747       NaN  0.093747  0.093747     1  0.287948       NaN  0.287948  0.287948     1  0.636769       NaN  0.636769  0.636769     1  154.752500        NaN  154.7525  154.7525     1
                    15      0.532722  0.015455  0.513120  0.550835     4  0.249137  0.007003  0.241431  0.258368     4             0.092733  0.000671  0.091784  0.093321     4  0.282628  0.002067  0.280925  0.285620     4  0.633088  0.003874  0.628411  0.636302     4  107.145475   0.870837  106.2455  107.9579     4
     256            15      0.536793  0.018624  0.514076  0.552336     4  0.252437  0.007497  0.242008  0.259879     4             0.093865  0.002311  0.091029  0.096678     4  0.284129  0.002548  0.281197  0.286292     4  0.631411  0.009414  0.622180  0.643184     4  107.607850   1.781494  106.5885  110.2694     4
     512            15      0.532769  0.006477  0.523433  0.537684     4  0.247988  0.001737  0.245841  0.249889     4             0.094271  0.004758  0.087221  0.097255     4  0.282099  0.000859  0.281422  0.283333     4  0.622539  0.013532  0.607085  0.635586     4  107.695300   1.740525  106.1745  109.4382     4
     1024           15      0.520963  0.018735  0.504204  0.541817     4  0.243220  0.006691  0.235158  0.248817     4             0.093197  0.002454  0.090431  0.096322     4  0.280939  0.001721  0.278513  0.282565     4  0.620553  0.008678  0.615010  0.633393     4  107.754300   0.892117  106.6555  108.8294     4
 12  48             15      0.521003  0.017554  0.495550  0.535598     4  0.245676  0.008049  0.235138  0.254632     4             0.088654  0.005940  0.079883  0.093054     4  0.281981  0.002708  0.278744  0.285332     4  0.619719  0.009809  0.609750  0.633083     4  108.585300   2.018021  105.7402  110.3341     4
     64             15      0.524452  0.015385  0.512824  0.546990     4  0.245482  0.002937  0.241313  0.248159     4             0.089350  0.003022  0.085598  0.091902     4  0.281344  0.001452  0.279939  0.283216     4  0.626951  0.009292  0.617399  0.636609     4  108.391075   0.906355  107.2290  109.2298     4
     128            15      0.532759  0.015335  0.512797  0.550087     4  0.248478  0.007433  0.239937  0.257654     4             0.093710  0.005501  0.088793  0.100960     4  0.282384  0.002749  0.279693  0.285908     4  0.618888  0.007903  0.612012  0.630147     4  106.547450   0.507850  105.9391  107.1590     4
     256            15      0.519037  0.019077  0.502768  0.539940     4  0.246187  0.005158  0.240175  0.251738     4             0.091517  0.003002  0.087459  0.094532     4  0.282751  0.003109  0.279782  0.286950     4  0.629750  0.012240  0.611962  0.639892     4  108.567575   1.681879  106.9204  110.9163     4
     512            15      0.517513  0.014209  0.503390  0.535361     4  0.242518  0.004597  0.236465  0.247412     4             0.091759  0.004794  0.088844  0.098905     4  0.280821  0.003148  0.277873  0.283558     4  0.621455  0.012358  0.611276  0.639453     4  109.155775   1.760453  106.5984  110.6285     4
     1024           15      0.531516  0.011124  0.515764  0.540154     4  0.249514  0.002597  0.247295  0.253273     4             0.093283  0.001091  0.092058  0.094656     4  0.283030  0.003033  0.281476  0.287578     4  0.628592  0.005202  0.621358  0.633271     4  108.094225   0.829669  107.3508  108.8823     4
 24  48             15      0.527638  0.011118  0.515753  0.541080     4  0.247410  0.008492  0.241160  0.259957     4             0.092292  0.004868  0.086701  0.097109     4  0.282303  0.003792  0.280141  0.287981     4  0.619598  0.007027  0.613501  0.629541     4  107.867075   1.728108  106.3974  109.7964     4
     64             15      0.522700  0.019041  0.501579  0.542578     4  0.245252  0.008413  0.234542  0.254479     4             0.091346  0.003547  0.087114  0.094345     4  0.281683  0.002675  0.278081  0.284549     4  0.624598  0.007512  0.615549  0.630982     4  106.533900   1.007413  105.5195  107.4924     4
     128            15      0.529827  0.015607  0.512503  0.546290     4  0.248152  0.006474  0.238528  0.252383     4             0.095018  0.003890  0.090046  0.099315     4  0.282651  0.002619  0.279145  0.285124     4  0.623729  0.004772  0.618601  0.630040     4  108.561925   1.597593  107.0055  110.5737     4
     256            15      0.518147  0.008693  0.507980  0.528998     4  0.244676  0.004704  0.239203  0.250533     4             0.088538  0.001696  0.086543  0.090470     4  0.281696  0.002806  0.279297  0.285498     4  0.620725  0.011165  0.609671  0.636224     4  108.715325   2.524885  106.7107  112.3247     4
     512            15      0.528476  0.025012  0.491294  0.545532     4  0.247996  0.007803  0.236735  0.254701     4             0.092306  0.003807  0.087468  0.095358     4  0.282510  0.001439  0.280958  0.284281     4  0.629874  0.010450  0.616107  0.640690     4  108.313800   1.026343  107.4787  109.8072     4
     1024           15      0.533183  0.016555  0.514429  0.554557     4  0.246485  0.007837  0.238156  0.256092     4             0.091867  0.003088  0.088973  0.096232     4  0.280915  0.003196  0.276501  0.283990     4  0.618608  0.003905  0.614772  0.623920     4  107.501650   0.649422  106.8907  108.3820     4
 48  48             15      0.523774  0.017133  0.510367  0.548648     4  0.243352  0.006270  0.239445  0.252719     4             0.092550  0.003696  0.087350  0.095683     4  0.280528  0.001569  0.278915  0.282672     4  0.619465  0.005132  0.615243  0.626196     4  107.670800   1.218523  106.6982  109.2574     4
     64             15      0.516473  0.024240  0.488391  0.540998     4  0.240781  0.005032  0.233673  0.245088     4             0.088224  0.006851  0.081326  0.097361     4  0.279753  0.001706  0.278389  0.282230     4  0.617870  0.001603  0.615561  0.619062     4  107.492625   1.391148  106.5058  109.4574     4
     128            15      0.536239  0.009590  0.524755  0.546680     4  0.246673  0.005009  0.240065  0.251904     4             0.091703  0.004306  0.088169  0.097778     4  0.280587  0.003507  0.277019  0.285312     4  0.629611  0.006552  0.620179  0.634712     4  108.073750   2.039173  106.2398  110.5112     4
     256            15      0.518607  0.010016  0.507155  0.528186     4  0.243211  0.005103  0.237826  0.249794     4             0.090883  0.003815  0.085913  0.094157     4  0.281048  0.002181  0.279098  0.284154     4  0.620912  0.014343  0.601782  0.636253     4  108.046600   0.911252  107.0230  109.1132     4
     512            15      0.531846  0.018619  0.504840  0.546512     4  0.247354  0.008790  0.235367  0.255288     4             0.092269  0.005995  0.085505  0.099989     4  0.281710  0.003436  0.278189  0.285843     4  0.622789  0.008761  0.610203  0.629506     4  108.809025   1.308059  107.2337  110.3606     4
     1024           15      0.527303  0.015645  0.512183  0.541278     4  0.246989  0.007313  0.240152  0.257311     4             0.095492  0.003056  0.091546  0.098980     4  0.282388  0.003518  0.279319  0.286706     4  0.629882  0.009094  0.620830  0.638742     4  107.398575   0.761250  106.6048  108.4178     4
================================================================================

================================================================================
Correlations (metrics with runtime / throughput)
--------------------------------------------------------------------------------
                      Accuracy  F1 Score  Matthews Correlation  Precision  Recall  Runtime  Samples/sec  Steps/sec
Accuracy                 1.000     0.794                 0.700      0.407   0.398    0.229       -0.236      0.293
F1 Score                 0.794     1.000                 0.703      0.876   0.567    0.404       -0.409      0.511
Matthews Correlation     0.700     0.703                 1.000      0.558   0.516    0.387       -0.394      0.465
Precision                0.407     0.876                 0.558      1.000   0.550    0.438       -0.442      0.557
Recall                   0.398     0.567                 0.516      0.550   1.000    0.519       -0.527      0.453
Runtime                  0.229     0.404                 0.387      0.438   0.519    1.000       -0.994      0.621
Samples/sec             -0.236    -0.409                -0.394     -0.442  -0.527   -0.994        1.000     -0.623
Steps/sec                0.293     0.511                 0.465      0.557   0.453    0.621       -0.623      1.000
================================================================================
